28407533,
27669257,
27371839,
25062765,
23765158,
23697346,
23459941,
23100811,
22629515,
22324491,
21626056,
21400622,
20756947,
20542980,
20035457,
19768061,
19346942,
19116414,
18515112,
18252952,
18016317,
17761227,
17464807,
17050277,
16707510,
16400258,
16217266,
16155845,
15342672,
14953325,
14369282,
13883686,
13545323,
13184680,
12940469,
12784255,
12523843,
12280565,
11742896,
11551486,
11424879,
11159069,
10967439,
10741656,
10522417,
10346857,
10130696,
9881131,
9719941,
9502682,
9297415,
9139070,
8920859,
8757024,
8478033,
8247021,
8079642,
7956959,
7876329,
7781170,
7738599,
7639037,
7609934